{
 "cells": [
  {
   "cell_type": "code",
   "execution_count": 1,
   "id": "initial_id",
   "metadata": {
    "collapsed": true,
    "ExecuteTime": {
     "end_time": "2024-03-25T08:11:33.329607400Z",
     "start_time": "2024-03-25T08:11:23.338736700Z"
    }
   },
   "outputs": [],
   "source": [
    "# Import modules for building a neural operator model\n",
    "import numpy as np\n",
    "import scipy as sp\n",
    "import torch\n",
    "import torch.optim as optim\n",
    "\n",
    "# Import specialized neural operator model tools\n",
    "from neuralop.models import FNO, TFNO\n",
    "from neuralop import Trainer\n",
    "from neuralop.datasets import load_darcy_flow_small\n",
    "from neuralop.utils import count_model_params\n",
    "from neuralop.datasets import data_transforms\n",
    "from neuralop import LpLoss, H1Loss\n",
    "\n",
    "# For creating datasets and data loaders for training and evaluation\n",
    "from torch.utils.data import DataLoader, Dataset, TensorDataset, random_split\n",
    "\n",
    "# Optional: torchvision for augmentations and transformations (if working with image-like data)\n",
    "import torchvision.transforms as transforms\n",
    "\n",
    "# For plotting and visualization\n",
    "import matplotlib.pyplot as plt\n",
    "\n",
    "# Optional: Use tqdm for progress bars during training and evaluation\n",
    "from tqdm import tqdm\n",
    "\n",
    "# For handling file paths and directories\n",
    "import os\n",
    "import sys\n",
    "import h5py\n",
    "\n",
    "# Optional: If your model or data processing requires specific numerical operations (e.g., FFT)\n",
    "from torch.fft import fft, ifft\n",
    "\n",
    "# Optional: If you are working with graph data or architectures\n",
    "# import torch_geometric\n",
    "\n",
    "# If you need automatic differentiation for custom operations or gradients\n",
    "from torch.autograd import Function\n"
   ]
  },
  {
   "cell_type": "code",
   "execution_count": 2,
   "outputs": [
    {
     "name": "stdout",
     "output_type": "stream",
     "text": [
      "Using Device: cuda\n",
      "Using PyTorch version: 2.1.0\n"
     ]
    }
   ],
   "source": [
    "#Set the device for the neural operator model\n",
    "device = torch.device('cuda' if torch.cuda.is_available() else 'cpu')\n",
    "print('Using Device:', device)\n",
    "print(\"Using PyTorch version:\", torch.__version__)"
   ],
   "metadata": {
    "collapsed": false,
    "ExecuteTime": {
     "end_time": "2024-03-25T08:11:33.377935500Z",
     "start_time": "2024-03-25T08:11:33.331607500Z"
    }
   },
   "id": "ccbd700ab9b52f1f"
  },
  {
   "cell_type": "code",
   "execution_count": 6,
   "outputs": [
    {
     "name": "stdout",
     "output_type": "stream",
     "text": [
      "OUTPUT\\preliminary_datasets\\DATA N_pix32x32 N_ele1x1 N_wv25x13 N_disp100 N_eig6 offset0 01-Mar-2024 19-13-23.mat\n"
     ]
    },
    {
     "name": "stderr",
     "output_type": "stream",
     "text": [
      "C:\\Users\\zhang\\AppData\\Local\\Temp\\ipykernel_14568\\3278998178.py:21: UserWarning: ComplexHalf support is experimental and many operators don't support it yet. (Triggered internally at C:\\cb\\pytorch_1000000000000\\work\\aten\\src\\ATen\\EmptyTensor.cpp:32.)\n",
      "  EIGENVECTOR_DATA_tensor = torch.tensor(EIGENVECTOR_DATA, dtype=torch.complex32)\n"
     ]
    }
   ],
   "source": [
    "#Load the data for the neural operator model\n",
    "datafolder_name = [\"OUTPUT\",\"preliminary_datasets\"]\n",
    "datafile_name = \"DATA N_pix32x32 N_ele1x1 N_wv25x13 N_disp100 N_eig6 offset0 01-Mar-2024 19-13-23.mat\"\n",
    "data_path = os.path.join(*datafolder_name, datafile_name)\n",
    "print(data_path)\n",
    "\n",
    "# Load the .mat file using h5py\n",
    "with h5py.File(data_path, 'r') as file:\n",
    "    # print(file['EIGENVECTOR_DATA'].dtype.names)\n",
    "    # print(file['EIGENVALUE_DATA'].dtype.names)\n",
    "    # print(file['WAVEVECTOR_DATA'].dtype.names)\n",
    "    # Load the data arrays\n",
    "    EIGENVALUE_DATA = np.array(file['EIGENVALUE_DATA'], dtype=np.float16)\n",
    "    EIGENVECTOR_DATA_real = np.array(file['EIGENVECTOR_DATA']['real'], dtype=np.float16)\n",
    "    EIGENVECTOR_DATA_imag = np.array(file['EIGENVECTOR_DATA']['imag'], dtype=np.float16)\n",
    "    EIGENVECTOR_DATA = EIGENVECTOR_DATA_real + 1j * EIGENVECTOR_DATA_imag\n",
    "    WAVEVECTOR_DATA = np.array(file['WAVEVECTOR_DATA'], dtype=np.float16)\n",
    "\n",
    "    # Convert to PyTorch tensors\n",
    "    EIGENVALUE_DATA_tensor = torch.tensor(EIGENVALUE_DATA, dtype=torch.float16)\n",
    "    EIGENVECTOR_DATA_tensor = torch.tensor(EIGENVECTOR_DATA, dtype=torch.complex32)\n",
    "    WAVEVECTOR_DATA_tensor = torch.tensor(WAVEVECTOR_DATA, dtype=torch.float16)\n",
    "\n",
    "    # Unpack the 'const' struct\n",
    "    # This assumes 'const' contains datasets directly. If it contains groups, you'll need to adjust the code\n",
    "    const = {key: np.array(file['const'][key]) for key in file['const']}\n",
    "\n",
    "    # Assign numbers to variables\n",
    "    N_struct = np.array(file['N_struct'])  # Adjust indexing if necessary\n",
    "    design_params = np.array(file['design_params'])\n",
    "    designs = np.array(file['designs'])\n",
    "    imag_tol = np.array(file['imag_tol'])\n",
    "    rng_seed_offset = np.array(file['rng_seed_offset'])"
   ],
   "metadata": {
    "collapsed": false,
    "ExecuteTime": {
     "end_time": "2024-03-25T08:18:17.469354300Z",
     "start_time": "2024-03-25T08:17:16.452722800Z"
    }
   },
   "id": "f1f917ca2deb400e"
  },
  {
   "cell_type": "code",
   "execution_count": 7,
   "outputs": [
    {
     "name": "stdout",
     "output_type": "stream",
     "text": [
      "EIGENVALUE_DATA shape: torch.Size([100, 6, 325])\n",
      "EIGENVECTOR_DATA shape: torch.Size([100, 6, 325, 2048])\n",
      "WAVEVECTOR_DATA shape: torch.Size([100, 2, 325])\n",
      "N_struct: [[100.]]\n",
      "design_params: [[3707764736          2          1          1          2          2]]\n",
      "designs: [[[[0.         0.         0.         ... 0.         0.\n",
      "    0.        ]\n",
      "   [0.         0.         0.         ... 0.         0.\n",
      "    0.        ]\n",
      "   [0.         0.         0.         ... 0.         0.\n",
      "    0.        ]\n",
      "   ...\n",
      "   [0.         0.         0.         ... 0.         0.\n",
      "    0.        ]\n",
      "   [0.         0.         0.         ... 0.         0.\n",
      "    0.        ]\n",
      "   [0.         0.         0.         ... 0.         0.\n",
      "    0.        ]]\n",
      "\n",
      "  [[0.         0.         0.         ... 0.         0.\n",
      "    0.        ]\n",
      "   [0.         0.         0.         ... 0.         0.\n",
      "    0.        ]\n",
      "   [0.         0.         0.         ... 0.         0.\n",
      "    0.        ]\n",
      "   ...\n",
      "   [0.         0.         0.         ... 0.         0.\n",
      "    0.        ]\n",
      "   [0.         0.         0.         ... 0.         0.\n",
      "    0.        ]\n",
      "   [0.         0.         0.         ... 0.         0.\n",
      "    0.        ]]\n",
      "\n",
      "  [[0.         0.         0.         ... 0.         0.\n",
      "    0.        ]\n",
      "   [0.         0.         0.         ... 0.         0.\n",
      "    0.        ]\n",
      "   [0.         0.         0.         ... 0.         0.\n",
      "    0.        ]\n",
      "   ...\n",
      "   [0.         0.         0.         ... 0.         0.\n",
      "    0.        ]\n",
      "   [0.         0.         0.         ... 0.         0.\n",
      "    0.        ]\n",
      "   [0.         0.         0.         ... 0.         0.\n",
      "    0.        ]]]\n",
      "\n",
      "\n",
      " [[[0.52016533 0.48535184 0.46221303 ... 0.46221303 0.48535184\n",
      "    0.52016533]\n",
      "   [0.48535184 0.45152392 0.45100394 ... 0.45100394 0.45152392\n",
      "    0.48535184]\n",
      "   [0.46221303 0.45100394 0.42990036 ... 0.42990036 0.45100394\n",
      "    0.46221303]\n",
      "   ...\n",
      "   [0.46221303 0.45100394 0.42990036 ... 0.42990036 0.45100394\n",
      "    0.46221303]\n",
      "   [0.48535184 0.45152392 0.45100394 ... 0.45100394 0.45152392\n",
      "    0.48535184]\n",
      "   [0.52016533 0.48535184 0.46221303 ... 0.46221303 0.48535184\n",
      "    0.52016533]]\n",
      "\n",
      "  [[0.52016533 0.48535184 0.46221303 ... 0.46221303 0.48535184\n",
      "    0.52016533]\n",
      "   [0.48535184 0.45152392 0.45100394 ... 0.45100394 0.45152392\n",
      "    0.48535184]\n",
      "   [0.46221303 0.45100394 0.42990036 ... 0.42990036 0.45100394\n",
      "    0.46221303]\n",
      "   ...\n",
      "   [0.46221303 0.45100394 0.42990036 ... 0.42990036 0.45100394\n",
      "    0.46221303]\n",
      "   [0.48535184 0.45152392 0.45100394 ... 0.45100394 0.45152392\n",
      "    0.48535184]\n",
      "   [0.52016533 0.48535184 0.46221303 ... 0.46221303 0.48535184\n",
      "    0.52016533]]\n",
      "\n",
      "  [[0.52016533 0.48535184 0.46221303 ... 0.46221303 0.48535184\n",
      "    0.52016533]\n",
      "   [0.48535184 0.45152392 0.45100394 ... 0.45100394 0.45152392\n",
      "    0.48535184]\n",
      "   [0.46221303 0.45100394 0.42990036 ... 0.42990036 0.45100394\n",
      "    0.46221303]\n",
      "   ...\n",
      "   [0.46221303 0.45100394 0.42990036 ... 0.42990036 0.45100394\n",
      "    0.46221303]\n",
      "   [0.48535184 0.45152392 0.45100394 ... 0.45100394 0.45152392\n",
      "    0.48535184]\n",
      "   [0.52016533 0.48535184 0.46221303 ... 0.46221303 0.48535184\n",
      "    0.52016533]]]\n",
      "\n",
      "\n",
      " [[[0.51567435 0.53466766 0.59908178 ... 0.59908178 0.53466766\n",
      "    0.51567435]\n",
      "   [0.53466766 0.55240559 0.61659554 ... 0.61659554 0.55240559\n",
      "    0.53466766]\n",
      "   [0.59908178 0.61659554 0.69871271 ... 0.69871271 0.61659554\n",
      "    0.59908178]\n",
      "   ...\n",
      "   [0.59908178 0.61659554 0.69871271 ... 0.69871271 0.61659554\n",
      "    0.59908178]\n",
      "   [0.53466766 0.55240559 0.61659554 ... 0.61659554 0.55240559\n",
      "    0.53466766]\n",
      "   [0.51567435 0.53466766 0.59908178 ... 0.59908178 0.53466766\n",
      "    0.51567435]]\n",
      "\n",
      "  [[0.51567435 0.53466766 0.59908178 ... 0.59908178 0.53466766\n",
      "    0.51567435]\n",
      "   [0.53466766 0.55240559 0.61659554 ... 0.61659554 0.55240559\n",
      "    0.53466766]\n",
      "   [0.59908178 0.61659554 0.69871271 ... 0.69871271 0.61659554\n",
      "    0.59908178]\n",
      "   ...\n",
      "   [0.59908178 0.61659554 0.69871271 ... 0.69871271 0.61659554\n",
      "    0.59908178]\n",
      "   [0.53466766 0.55240559 0.61659554 ... 0.61659554 0.55240559\n",
      "    0.53466766]\n",
      "   [0.51567435 0.53466766 0.59908178 ... 0.59908178 0.53466766\n",
      "    0.51567435]]\n",
      "\n",
      "  [[0.51567435 0.53466766 0.59908178 ... 0.59908178 0.53466766\n",
      "    0.51567435]\n",
      "   [0.53466766 0.55240559 0.61659554 ... 0.61659554 0.55240559\n",
      "    0.53466766]\n",
      "   [0.59908178 0.61659554 0.69871271 ... 0.69871271 0.61659554\n",
      "    0.59908178]\n",
      "   ...\n",
      "   [0.59908178 0.61659554 0.69871271 ... 0.69871271 0.61659554\n",
      "    0.59908178]\n",
      "   [0.53466766 0.55240559 0.61659554 ... 0.61659554 0.55240559\n",
      "    0.53466766]\n",
      "   [0.51567435 0.53466766 0.59908178 ... 0.59908178 0.53466766\n",
      "    0.51567435]]]\n",
      "\n",
      "\n",
      " ...\n",
      "\n",
      "\n",
      " [[[1.         1.         1.         ... 1.         1.\n",
      "    1.        ]\n",
      "   [1.         1.         1.         ... 1.         1.\n",
      "    1.        ]\n",
      "   [1.         1.         1.         ... 1.         1.\n",
      "    1.        ]\n",
      "   ...\n",
      "   [1.         1.         1.         ... 1.         1.\n",
      "    1.        ]\n",
      "   [1.         1.         1.         ... 1.         1.\n",
      "    1.        ]\n",
      "   [1.         1.         1.         ... 1.         1.\n",
      "    1.        ]]\n",
      "\n",
      "  [[1.         1.         1.         ... 1.         1.\n",
      "    1.        ]\n",
      "   [1.         1.         1.         ... 1.         1.\n",
      "    1.        ]\n",
      "   [1.         1.         1.         ... 1.         1.\n",
      "    1.        ]\n",
      "   ...\n",
      "   [1.         1.         1.         ... 1.         1.\n",
      "    1.        ]\n",
      "   [1.         1.         1.         ... 1.         1.\n",
      "    1.        ]\n",
      "   [1.         1.         1.         ... 1.         1.\n",
      "    1.        ]]\n",
      "\n",
      "  [[1.         1.         1.         ... 1.         1.\n",
      "    1.        ]\n",
      "   [1.         1.         1.         ... 1.         1.\n",
      "    1.        ]\n",
      "   [1.         1.         1.         ... 1.         1.\n",
      "    1.        ]\n",
      "   ...\n",
      "   [1.         1.         1.         ... 1.         1.\n",
      "    1.        ]\n",
      "   [1.         1.         1.         ... 1.         1.\n",
      "    1.        ]\n",
      "   [1.         1.         1.         ... 1.         1.\n",
      "    1.        ]]]\n",
      "\n",
      "\n",
      " [[[0.44007857 0.41052704 0.45642916 ... 0.45642916 0.41052704\n",
      "    0.44007857]\n",
      "   [0.41052704 0.38459481 0.42507118 ... 0.42507118 0.38459481\n",
      "    0.41052704]\n",
      "   [0.45642916 0.42507118 0.41776634 ... 0.41776634 0.42507118\n",
      "    0.45642916]\n",
      "   ...\n",
      "   [0.45642916 0.42507118 0.41776634 ... 0.41776634 0.42507118\n",
      "    0.45642916]\n",
      "   [0.41052704 0.38459481 0.42507118 ... 0.42507118 0.38459481\n",
      "    0.41052704]\n",
      "   [0.44007857 0.41052704 0.45642916 ... 0.45642916 0.41052704\n",
      "    0.44007857]]\n",
      "\n",
      "  [[0.44007857 0.41052704 0.45642916 ... 0.45642916 0.41052704\n",
      "    0.44007857]\n",
      "   [0.41052704 0.38459481 0.42507118 ... 0.42507118 0.38459481\n",
      "    0.41052704]\n",
      "   [0.45642916 0.42507118 0.41776634 ... 0.41776634 0.42507118\n",
      "    0.45642916]\n",
      "   ...\n",
      "   [0.45642916 0.42507118 0.41776634 ... 0.41776634 0.42507118\n",
      "    0.45642916]\n",
      "   [0.41052704 0.38459481 0.42507118 ... 0.42507118 0.38459481\n",
      "    0.41052704]\n",
      "   [0.44007857 0.41052704 0.45642916 ... 0.45642916 0.41052704\n",
      "    0.44007857]]\n",
      "\n",
      "  [[0.44007857 0.41052704 0.45642916 ... 0.45642916 0.41052704\n",
      "    0.44007857]\n",
      "   [0.41052704 0.38459481 0.42507118 ... 0.42507118 0.38459481\n",
      "    0.41052704]\n",
      "   [0.45642916 0.42507118 0.41776634 ... 0.41776634 0.42507118\n",
      "    0.45642916]\n",
      "   ...\n",
      "   [0.45642916 0.42507118 0.41776634 ... 0.41776634 0.42507118\n",
      "    0.45642916]\n",
      "   [0.41052704 0.38459481 0.42507118 ... 0.42507118 0.38459481\n",
      "    0.41052704]\n",
      "   [0.44007857 0.41052704 0.45642916 ... 0.45642916 0.41052704\n",
      "    0.44007857]]]\n",
      "\n",
      "\n",
      " [[[1.         0.90731304 0.73398838 ... 0.73398838 0.90731304\n",
      "    1.        ]\n",
      "   [0.90731304 0.8206991  0.68239211 ... 0.68239211 0.8206991\n",
      "    0.90731304]\n",
      "   [0.73398838 0.68239211 0.61668125 ... 0.61668125 0.68239211\n",
      "    0.73398838]\n",
      "   ...\n",
      "   [0.73398838 0.68239211 0.61668125 ... 0.61668125 0.68239211\n",
      "    0.73398838]\n",
      "   [0.90731304 0.8206991  0.68239211 ... 0.68239211 0.8206991\n",
      "    0.90731304]\n",
      "   [1.         0.90731304 0.73398838 ... 0.73398838 0.90731304\n",
      "    1.        ]]\n",
      "\n",
      "  [[1.         0.90731304 0.73398838 ... 0.73398838 0.90731304\n",
      "    1.        ]\n",
      "   [0.90731304 0.8206991  0.68239211 ... 0.68239211 0.8206991\n",
      "    0.90731304]\n",
      "   [0.73398838 0.68239211 0.61668125 ... 0.61668125 0.68239211\n",
      "    0.73398838]\n",
      "   ...\n",
      "   [0.73398838 0.68239211 0.61668125 ... 0.61668125 0.68239211\n",
      "    0.73398838]\n",
      "   [0.90731304 0.8206991  0.68239211 ... 0.68239211 0.8206991\n",
      "    0.90731304]\n",
      "   [1.         0.90731304 0.73398838 ... 0.73398838 0.90731304\n",
      "    1.        ]]\n",
      "\n",
      "  [[1.         0.90731304 0.73398838 ... 0.73398838 0.90731304\n",
      "    1.        ]\n",
      "   [0.90731304 0.8206991  0.68239211 ... 0.68239211 0.8206991\n",
      "    0.90731304]\n",
      "   [0.73398838 0.68239211 0.61668125 ... 0.61668125 0.68239211\n",
      "    0.73398838]\n",
      "   ...\n",
      "   [0.73398838 0.68239211 0.61668125 ... 0.61668125 0.68239211\n",
      "    0.73398838]\n",
      "   [0.90731304 0.8206991  0.68239211 ... 0.68239211 0.8206991\n",
      "    0.90731304]\n",
      "   [1.         0.90731304 0.73398838 ... 0.73398838 0.90731304\n",
      "    1.        ]]]]\n",
      "imag_tol: [[0.001]]\n"
     ]
    }
   ],
   "source": [
    "# Print shapes or values to verify\n",
    "print(\"EIGENVALUE_DATA shape:\", EIGENVALUE_DATA_tensor.shape)\n",
    "print(\"EIGENVECTOR_DATA shape:\", EIGENVECTOR_DATA_tensor.shape) #Complex valued, 32x32 nodes, 2 DoF per node, 100 structs, 6 bands\n",
    "print(\"WAVEVECTOR_DATA shape:\", WAVEVECTOR_DATA_tensor.shape)\n",
    "#print(\"const contents:\", const)\n",
    "print(\"N_struct:\", N_struct)\n",
    "print(\"design_params:\", design_params)\n",
    "print(\"designs:\", designs)\n",
    "print(\"imag_tol:\", imag_tol)\n",
    "#print(\"rng_seed_offset:\", rng_seed_offset)"
   ],
   "metadata": {
    "collapsed": false,
    "ExecuteTime": {
     "end_time": "2024-03-25T08:19:31.446483300Z",
     "start_time": "2024-03-25T08:19:31.409910400Z"
    }
   },
   "id": "b66eb3117bfd0f5d"
  },
  {
   "cell_type": "code",
   "execution_count": 8,
   "outputs": [],
   "source": [
    "def plot_histograms(array_slice):\n",
    "    \"\"\"\n",
    "    Plots histograms for the input array slice.\n",
    "    If the array slice contains real numbers, plots one histogram.\n",
    "    If the array slice contains complex numbers, plots two histograms side by side,\n",
    "    one for the real parts and one for the imaginary parts.\n",
    "    \"\"\"\n",
    "    # Check if the array slice contains complex numbers\n",
    "    if np.iscomplexobj(array_slice):\n",
    "        # Prepare the plot area with two subplots\n",
    "        fig, axs = plt.subplots(1, 2, figsize=(12, 4))\n",
    "\n",
    "        # Plot histogram of real parts\n",
    "        axs[0].hist(array_slice.real, bins=100, color='skyblue', edgecolor='black')\n",
    "        axs[0].set_title('Histogram of Real Parts')\n",
    "\n",
    "        # Plot histogram of imaginary parts\n",
    "        axs[1].hist(array_slice.imag, bins=100, color='salmon', edgecolor='black')\n",
    "        axs[1].set_title('Histogram of Imaginary Parts')\n",
    "\n",
    "        plt.suptitle('Histograms of Complex Array Slice')\n",
    "    else:\n",
    "        # Plot a single histogram for real-valued array slice\n",
    "        plt.figure(figsize=(6, 6))\n",
    "        plt.hist(array_slice, bins=30, color='skyblue', edgecolor='black')\n",
    "        plt.title('Histogram of Real Array Slice')\n",
    "\n",
    "    plt.show()"
   ],
   "metadata": {
    "collapsed": false,
    "ExecuteTime": {
     "end_time": "2024-03-25T08:19:34.651497100Z",
     "start_time": "2024-03-25T08:19:34.637922200Z"
    }
   },
   "id": "db6575ea7fe2d3ea"
  },
  {
   "cell_type": "code",
   "execution_count": 11,
   "outputs": [
    {
     "data": {
      "text/plain": "<Figure size 1200x400 with 2 Axes>",
